3.44941e-05 0.0071632
-0.035057 3.65116
-0.0310388 5.76664
0.00222039 8.32814
0.0230814 10.5292
-0.0100701 13.0234
-0.134771 15.7108
-0.341995 18.4132
-0.599128 21.1205
-0.886428 23.8114
-1.19779 26.4998
-1.52263 29.1872
-1.85154 31.8718
-2.18434 34.5485
-2.52643 37.2257
-2.87708 39.903
-3.23505 42.5785
-3.60183 45.2527
-3.97632 47.9267
-4.35488 50.6031
-4.73013 53.2773
-5.0985 55.952
-5.45076 58.6285
-5.77358 61.309
-6.07513 63.9928
-6.32127 66.6788
-6.51902 69.3708
-6.63234 72.0669
-6.66643 74.7641
-6.58319 77.4588
-6.3907 80.1421
-6.03535 82.8126
-5.53117 85.4668
-4.85633 88.1103
-3.98523 90.6869
-2.91151 93.1804
-1.64447 95.5732
-0.18993 97.8522
1.43349 100.013
3.21224 102.046
5.12338 103.952
7.1559 105.73
9.29047 107.385
11.5199 108.91
13.8236 110.316
16.1982 111.599
18.6259 112.778
21.1042 113.847
23.6197 114.825
26.1737 115.697
28.7546 116.486
31.3629 117.179
33.99 117.795
36.6363 118.328
39.2955 118.788
41.967 119.17
44.6474 119.483
47.3349 119.732
50.0282 119.906
52.7227 120.024
55.4226 120.069
58.1221 120.062
60.8193 119.984
63.5141 119.853
66.1985 119.662
68.8843 119.413
71.5542 119.102
74.2246 118.727
76.8766 118.286
79.5265 117.776
82.153 117.193
84.7675 116.535
87.3553 115.797
89.927 114.978
92.4696 114.068
94.9819 113.066
97.4502 111.964
99.8755 110.755
102.238 109.437
104.535 108.006
106.757 106.461
108.893 104.803
110.937 103.034
112.886 101.163
114.74 99.201
116.5 97.1538
118.174 95.0373
119.766 92.8597
121.29 90.6329
122.75 88.365
124.158 86.0632
125.52 83.7345
126.843 81.3827
128.134 79.0134
129.394 76.6264
130.629 74.227
131.837 71.8132
133.025 69.3894
134.19 66.9546
135.336 64.5107
136.463 62.0569
137.567 59.5937
138.654 57.1224
139.717 54.6406
140.763 52.1515
141.783 49.6515
142.78 47.1429
143.756 44.6252
144.703 42.0965
145.628 39.5604
146.521 37.0122
147.386 34.4548
148.226 31.8884
149.025 29.3095
149.798 26.7231
150.538 24.1258
151.235 21.518
151.904 18.9027
152.532 16.2772
153.123 13.643
153.686 11.0025
154.2 8.35225
154.681 5.69578
155.128 3.03342
155.529 0.363844
155.902 -2.30972
156.236 -4.98863
156.528 -7.67223
156.794 -10.3583
157.022 -13.0481
157.211 -15.741
157.375 -18.4348
157.503 -21.1292
157.598 -23.8278
157.671 -26.5244
157.709 -29.2234
157.719 -31.9238
157.709 -34.6229
157.67 -37.322
157.609 -40.0225
157.531 -42.7202
157.435 -45.4175
157.321 -48.1168
157.194 -50.8134
157.054 -53.5097
156.902 -56.2066
156.743 -58.9027
156.578 -61.5987
156.409 -64.2938
156.241 -66.9899
156.075 -69.6848
155.912 -72.3802
155.757 -75.0749
155.609 -77.7706
155.466 -80.4661
155.337 -83.1628
155.218 -85.8603
155.109 -88.5581
155.02 -91.2564
154.944 -93.9541
154.884 -96.6516
154.847 -99.3501
154.824 -102.047
154.824 -104.744
154.848 -107.444
154.893 -110.142
154.965 -112.839
155.059 -115.537
155.175 -118.228
155.316 -120.923
155.481 -123.614
155.671 -126.304
155.885 -128.997
156.122 -131.682
156.382 -134.37
156.661 -137.054
156.96 -139.737
157.275 -142.42
157.605 -145.1
157.947 -147.78
158.298 -150.459
158.654 -153.137
159.012 -155.815
159.37 -158.492
159.723 -161.169
160.067 -163.847
160.402 -166.526
160.723 -169.207
161.03 -171.89
161.316 -174.574
161.582 -177.261
161.821 -179.95
162.037 -182.641
162.218 -185.334
162.369 -188.029
162.478 -190.726
162.554 -193.421
162.583 -196.12
162.572 -198.818
162.512 -201.515
162.41 -204.204
162.261 -206.892
162.065 -209.574
161.817 -212.258
161.516 -214.934
161.163 -217.608
160.758 -220.273
160.304 -222.932
159.8 -225.583
159.25 -228.221
158.653 -230.853
158.009 -233.47
157.319 -236.079
156.58 -238.672
155.794 -241.25
154.961 -243.816
154.075 -246.361
153.138 -248.888
152.146 -251.395
151.095 -253.876
149.983 -256.329
148.806 -258.754
147.554 -261.145
146.221 -263.501
144.799 -265.805
143.279 -268.047
141.65 -270.211
139.903 -272.282
138.029 -274.239
136.025 -276.06
133.893 -277.728
131.64 -279.224
129.277 -280.534
126.822 -281.658
124.292 -282.6
121.705 -283.373
119.079 -283.996
116.428 -284.505
113.763 -284.927
111.093 -285.31
108.424 -285.706
105.765 -286.156
103.12 -286.686
100.501 -287.295
97.9202 -287.999
95.362 -288.822
92.8299 -289.769
90.345 -290.826
87.8981 -291.97
85.4716 -293.168
83.0518 -294.389
80.6249 -295.601
78.1861 -296.771
75.7135 -297.87
73.2057 -298.879
70.6609 -299.787
68.0838 -300.598
65.4781 -301.307
62.8469 -301.912
60.197 -302.427
57.5303 -302.844
54.8531 -303.185
52.166 -303.437
49.4736 -303.623
46.7776 -303.737
44.0776 -303.789
41.38 -303.783
38.6791 -303.718
35.9814 -303.608
33.2883 -303.444
30.5944 -303.24
27.9122 -302.996
25.2291 -302.71
22.5485 -302.388
19.8809 -302.026
17.2103 -301.624
14.5453 -301.191
11.8922 -300.721
9.23853 -300.217
6.59249 -299.685
3.95713 -299.12
1.32284 -298.525
-1.30423 -297.905
